Processing event 0
FPGA time: 691754 ns 
Input time: 116001 ns 
Kernel time: 92575 ns 
Output time: 90071 ns 
Stop time: 393107 ns 
Predictions:  
32 32 32 32 32 32 32 32 48 48 48 48 48 48 48 48 32 32 32 32 32 32 32 32 48 48 48 48 48 48 48 48 72 72 72 72 72 72 72 72 48 48 48 48 48 48 48 48 32 32 32 32 32 32 32 32 48 48 48 48 48 48 48 48 32 32 32 32 32 32 32 32 
Quantized predictions: 
32 32 32 32 32 32 32 32 48 48 48 48 48 48 48 48 32 32 32 32 32 32 32 32 48 48 48 48 48 48 48 48 72 72 72 72 72 72 72 72 48 48 48 48 48 48 48 48 32 32 32 32 32 32 32 32 48 48 48 48 48 48 48 48 32 32 32 32 32 32 32 32 

Processing event 1
FPGA time: 394038 ns 
Input time: 71365 ns 
Kernel time: 67619 ns 
Output time: 126380 ns 
Stop time: 128674 ns 
Predictions:  
64 64 64 64 64 64 64 64 96 96 96 96 96 96 96 96 64 64 64 64 64 64 64 64 96 96 96 96 96 96 96 96 144 144 144 144 144 144 144 144 96 96 96 96 96 96 96 96 64 64 64 64 64 64 64 64 96 96 96 96 96 96 96 96 64 64 64 64 64 64 64 64 
Quantized predictions: 
64 64 64 64 64 64 64 64 96 96 96 96 96 96 96 96 64 64 64 64 64 64 64 64 96 96 96 96 96 96 96 96 144 144 144 144 144 144 144 144 96 96 96 96 96 96 96 96 64 64 64 64 64 64 64 64 96 96 96 96 96 96 96 96 64 64 64 64 64 64 64 64 

Processing event 2
FPGA time: 328834 ns 
Input time: 79070 ns 
Kernel time: 52059 ns 
Output time: 91484 ns 
Stop time: 106221 ns 
Predictions:  
96 96 96 96 96 96 96 96 144 144 144 144 144 144 144 144 96 96 96 96 96 96 96 96 144 144 144 144 144 144 144 144 216 216 216 216 216 216 216 216 144 144 144 144 144 144 144 144 96 96 96 96 96 96 96 96 144 144 144 144 144 144 144 144 96 96 96 96 96 96 96 96 
Quantized predictions: 
96 96 96 96 96 96 96 96 144 144 144 144 144 144 144 144 96 96 96 96 96 96 96 96 144 144 144 144 144 144 144 144 216 216 216 216 216 216 216 216 144 144 144 144 144 144 144 144 96 96 96 96 96 96 96 96 144 144 144 144 144 144 144 144 96 96 96 96 96 96 96 96 

